 723  228
 723  228
 723  228
 723  228
 723  228
 723  228
 723  228
 723  228
 723  228
 723  228
 723  228
 723  228
 723  228
 723  228
 723  228
 723  228
 723  228
 723  228
 723  228
 723  228
 723  228
 723  228
 723  228
 723  228
 723  172
 692  82
 640  18
 576  0
 506  0
 426  0
 341  15
 266  46
 202  82
 158  124
 136  168
 131  202
 142  237
 168  264
 205  287
 255  303
 314  310
 388  311
 470  300
 560  281
 640  251
 718  219
 779  186
 818  154
 836  131
 841  120
 841  116
 841  116
 841  116
 837  123
 830  138
 820  162
 804  193
 786  230
 765  272
 743  310
 716  340
 677  363
 634  377
 580  382
 529  382
 476  372
 439  359
 425  349
 423  341
 435  327
 462  305
 504  280
 554  256
 603  240
 636  233
 645  234
 645  241
 634  260
 613  293
 590  331
 576  358
 573  364
 576  362
 595  342
 630  306
 669  263
 699  219
 721  179
 731  150
 733  136
 733  132
 728  129
 713  131
 678  152
 633  185
 587  226
 549  270
 521  307
 506  330
 503  336
 504  336
 518  320
 547  289
 580  248
 614  204
 640  163
 657  130
 663  108
 662  100
 655  98
 638  100
 602  118
 554  146
 506  184
 470  226
 456  264
 463  296
 495  324
 558  346
 640  358
 724  362
 798  364
 850  364
 869  364
 870  364
 858  364
 807  364
 726  364
 628  364
 527  364
 433  364
 362  364
 320  364
 312  364
 315  363
 341  358
 396  345
 465  330
 537  312
 608  301
 664  292
 708  290
 732  289
 738  289
 739  289
 734  291
 718  296
 699  300
 688  304
 681  307
 679  308
 679  308
 679  308
 679  308
 679  308
 679  308
 679  308
 679  308
 679  308
 679  308
 679  308
 679  308
 679  308
 679  308
 679  308
 679  308
 679  308
 679  308
 679  308
 679  308
 679  308
 679  308
 679  308
 679  308
 679  308
 679  308
 679  308
 679  308
 679  308
 679  308
 679  308
 679  308
 679  308
 679  308
 679  308
 679  308
 679  308
 679  308
 679  308
 679  308
 679  308
 679  308
 679  308
 679  308
 679  308
 679  308
 679  308
 679  308
 679  308
 678  309
 674  312
 669  317
 665  327
 663  337
 666  346
 679  353
 711  354
 765  343
 826  318
 879  285
 915  249
 931  223
 932  207
 917  192
 882  182
 821  181
 747  196
 679  224
 628  264
 593  303
 579  331
 583  344
 620  351
 699  346
 789  328
 871  308
 925  291
 944  286
 946  285
 935  287
 889  299
 817  317
 721  339
 621  362
 528  378
 454  386
 413  387
 398  386
 396  383
 396  380
 404  369
 424  351
 453  331
 486  311
 519  292
 548  275
 575  261
 603  250
 634  242
 671  240
 717  242
 775  253
 831  274
 883  300
 928  324
 969  346
 997  364
 1008  374
 1009  378
 997  382
 956  384
 894  384
 823  384
 745  384
 676  384
 619  376
 588  366
 575  357
 573  351
 579  342
 603  326
 645  306
 703  289
 735  280
 796  265
 854  249
 906  243
 944  241
 968  244
 981  255
 985  272
 980  294
 961  322
 936  345
 902  363
 860  375
 804  379
 763  380
 748  380
 746  380
 745  380
 745  380
 745  380
 745  380
 745  380
 745  380
 745  380
 745  380
 742  381
 741  381
 740  381
 741  382
 753  383
 789  385
 845  386
 924  386
 1011  381
 1086  367
 1149  352
 1195  335
 1217  322
 1222  314
 1219  305
 1198  289
 1179  279
 1129  260
 1072  245
 1008  239
 932  237
 854  237
 783  246
 725  265
 682  293
 653  331
 637  375
 627  412
 621  436
 615  449
 607  456
 594  462
 571  464
 527  459
 471  444
 413  421
 390  410
 350  384
 320  356
 306  331
 300  308
 299  294
 301  285
 311  275
 342  255
 381  231
 425  212
 464  196
 487  187
 493  183
 493  182
 489  179
 468  175
 428  172
 365  172
 293  172
 217  172
 146  172
 92  172
 72  175
 47  182
 38  193
 42  216
 66  248
 109  278
 174  296
 247  298
 319  283
 381  257
 416  226
 428  195
 422  165
 393  134
 350  110
 287  90
 221  71
 175  61
 160  56
 146  49
 143  44
 143  33
 148  14
 155  0
 158  0
 157  0
 152  0
 148  0
 146  0
 146  0
 145  5
 144  28
 144  66
 140  115
 134  172
 123  234
 111  287
 105  310
 97  343
 95  356
 95  358
 97  352
 107  328
 119  292
 128  258
 133  234
 134  227
 134  226
 130  236
 120  271
 119  314
 138  343
 171  349
 217  332
 260  297
 288  260
 295  235
 287  224
 257  225
 235  233
 195  258
 174  288
 172  308
 188  315
 218  310
 252  288
 271  263
 273  245
 261  235
 236  235
 209  249
 200  269
 207  290
 234  305
 282  307
 329  295
 360  276
 371  258
 368  246
 353  238
 334  237
 320  244
 317  255
 320  266
 333  274
 355  275
 379  266
 394  252
 397  240
 396  235
 387  229
 373  227
 361  233
 357  243
 363  254
 384  264
 413  267
 437  259
 447  249
 448  241
 444  235
 434  234
 420  237
 414  246
 414  256
 428  267
 459  272
 495  268
 513  263
 534  249
 539  239
 536  230
 522  223
 501  222
 486  228
 482  238
 486  252
 507  265
 545  270
 588  264
 619  252
 630  243
 631  235
 623  228
 607  224
 594  223
 586  224
 585  229
 585  232
 587  240
 599  248
 616  254
 635  255
 658  252
 675  243
 683  235
 686  227
 684  220
 678  218
 672  220
 668  227
 668  239
 678  252
 698  259
 726  259
 755  249
 772  236
 778  226
 778  217
 775  214
 768  211
 761  211
 757  213
 757  217
 763  221
 779  223
 804  220
 830  210
 850  198
 859  190
 861  185
 860  184
 856  185
 849  194
 844  208
 844  224
 848  231
 863  241
 888  243
 922  238
 947  226
 964  214
 969  207
 969  204
 967  204
 960  211
 957  220
 958  231
 972  241
 1004  246
 1055  245
 1098  236
 1126  226
 1135  220
 1136  218
 1132  217
 1122  220
 1117  223
 1112  230
 1111  239
 1119  245
 1138  249
 1168  250
 1197  244
 1213  237
 1218  232
 1218  231
 1215  231
 1207  239
 1198  256
 1195  275
 1198  289
 1216  304
 1248  317
 1286  327
 1318  330
 1337  331
 1342  331
 1342  331
 1333  333
 1309  344
 1287  360
 1277  378
 1276  386
 1278  399
 1290  410
 1313  417
 1339  418
 1356  415
 1360  410
 1360  408
 1353  407
 1334  409
 1315  419
 1305  428
 1303  438
 1305  447
 1314  453
 1329  457
 1336  457
 1347  454
 1351  450
 1351  447
 1345  446
 1332  447
 1317  455
 1311  460
 1310  462
 1310  463
 1314  464
 1321  464
 1326  462
 1326  459
 1323  456
 1312  453
 1292  452
 1280  455
 1260  466
 1249  477
 1247  484
 1248  490
 1254  495
 1263  497
 1272  497
 1278  493
 1280  487
 1274  478
 1257  470
 1228  467
 1193  474
 1167  489
 1153  506
 1151  517
 1159  524
 1173  525
 1197  521
 1218  510
 1223  503
 1225  492
 1218  481
 1198  473
 1167  472
 1135  480
 1109  493
 1097  506
 1095  515
 1096  521
 1103  524
 1114  524
 1121  521
 1123  516
 1119  508
 1103  501
 1078  498
 1036  499
 990  512
 972  522
 951  537
 948  547
 950  552
 956  553
 962  550
 966  543
 966  536
 962  531
 950  530
 926  535
 903  549
 891  561
 890  567
 891  570
 893  570
 899  563
 905  553
 906  545
 898  537
 889  534
 857  531
 816  538
 777  555
 741  581
 724  601
 721  610
 723  613
 727  614
 738  611
 746  605
 746  598
 735  591
 703  587
 651  586
 592  588
 571  592
 547  598
 542  600
 542  600
 549  599
 560  592
 567  583
 569  575
 563  568
 546  565
 515  570
 481  586
 461  602
 459  611
 462  616
 475  623
 499  627
 527  625
 547  611
 550  595
 536  573
 506  554
 455  537
 394  531
 331  537
 282  556
 258  577
 254  592
 263  603
 294  609
 344  608
 387  599
 405  587
 406  575
 389  560
 354  548
 311  544
 268  551
 239  568
 226  587
 226  605
 239  618
 263  624
 287  623
 292  621
 295  613
 294  606
 286  598
 266  589
 241  584
 206  584
 164  593
 132  610
 114  630
 112  646
 116  656
 126  660
 135  664
 142  665
 147  660
 149  650
 149  644
 148  631
 143  617
 135  606
 126  598
 109  596
 84  600
 66  610
 62  621
 71  632
 96  640
 127  637
 155  623
 174  600
 180  574
 177  550
 163  530
 145  518
 124  517
 99  526
 73  545
 66  556
 62  573
 65  583
 74  586
 90  581
 113  563
 131  536
 144  509
 150  482
 149  450
 140  424
 125  405
 111  395
 105  393
 104  393
 104  393
 104  392
 111  387
 127  373
 147  348
 166  318
 177  287
 178  264
 172  249
 167  246
 154  243
 138  247
 123  262
 118  281
 122  297
 136  307
 163  310
 196  298
 228  273
 249  242
 254  223
 252  212
 244  205
 230  204
 207  209
 192  219
 188  228
 191  235
 198  237
 205  237
 225  227
 248  204
 263  182
 269  162
 269  151
 263  143
 253  138
 231  139
 202  151
 179  174
 168  201
 171  226
 187  244
 211  251
 236  245
 256  227
 267  202
 268  179
 261  162
 257  158
 244  154
 223  155
 199  167
 181  183
 174  201
 178  217
 195  230
 223  237
 252  233
 278  222
 290  207
 293  196
 289  185
 277  179
 254  177
 217  186
 177  210
 150  241
 142  270
 143  282
 158  300
 189  306
 228  300
 264  281
 284  257
 289  238
 284  224
 269  214
 246  212
 212  221
 174  244
 144  273
 133  302
 140  323
 166  334
 205  334
 248  317
 283  296
 298  276
 300  268
 294  253
 276  245
 244  243
 209  252
 185  268
 178  286
 184  299
 209  308
 252  308
 301  295
 341  275
 362  256
 365  244
 356  234
 326  231
 285  236
 265  243
 232  262
 221  279
 224  287
 242  291
 273  284
 309  263
 332  237
 342  211
 342  194
 334  184
 323  181
 306  184
 285  198
 271  218
 269  237
 278  255
 299  264
 334  264
 370  250
 394  230
 400  219
 404  205
 398  194
 381  188
 351  188
 316  198
 286  216
 272  237
 273  255
 292  269
 327  277
 373  276
 419  263
 454  244
 468  228
 468  214
 463  208
 444  197
 410  192
 368  198
 330  215
 308  237
 306  254
 325  269
 366  278
 421  274
 473  257
 509  235
 521  216
 519  204
 504  193
 477  188
 440  190
 405  203
 385  221
 382  237
 395  249
 427  256
 473  250
 497  241
 534  216
 556  192
 560  177
 554  166
 536  159
 509  158
 475  165
 449  178
 442  188
 446  197
 463  202
 493  203
 526  192
 552  176
 567  160
 571  148
 571  145
 563  140
 545  140
 511  151
 470  173
 438  200
 420  226
 418  244
 429  255
 456  260
 495  253
 537  234
 571  210
 590  188
 592  174
 583  162
 561  155
 521  153
 470  164
 440  172
 391  196
 363  218
 356  235
 362  246
 389  252
 427  249
 474  230
 519  203
 550  176
 565  152
 567  138
 563  130
 551  127
 526  128
 487  141
 448  162
 425  184
 420  196
 425  200
 444  199
 478  185
